4 2 B 3 9 1 6 7 5 8 10 11 12 13 14 15 
1 2 6 3 4 B 5 7 8 9 10 11 12 13 14 15 
4 1 2 3 5 6 7 B 8 9 10 11 12 13 14 15 
4 1 2 3 8 5 6 7 9 10 B 11 12 13 14 15 
4 1 2 3 9 B 8 7 13 10 6 11 5 12 14 15 
1 5 2 3 4 B 11 7 8 9 6 10 12 13 14 15 
5 2 6 3 1 B 4 7 8 9 10 11 12 13 14 15 
4 6 1 3 8 2 10 7 9 5 B 11 12 13 14 15 
4 2 B 3 8 1 6 7 9 5 10 11 12 13 14 15 
4 1 2 3 5 9 7 B 8 10 6 11 12 13 14 15 
4 1 B 3 5 6 10 7 8 9 11 2 12 13 14 15 
4 1 2 3 8 B 6 7 12 5 10 11 13 9 14 15 
1 2 6 3 4 5 7 11 8 9 B 10 12 13 14 15 
4 1 2 3 8 B 5 7 9 10 6 15 12 13 11 14 
4 1 2 3 5 9 6 7 8 10 11 15 12 13 14 B 
4 2 3 7 1 8 10 6 B 5 14 11 12 9 13 15 
4 9 1 2 5 B 6 3 8 10 11 7 12 13 14 15 
4 1 2 3 8 5 6 7 B 9 10 11 12 13 14 15 
1 3 7 6 4 2 5 11 8 9 14 10 12 B 13 15 
1 5 2 3 4 9 6 7 8 10 14 11 12 13 15 B 
4 1 5 3 6 9 2 7 8 13 10 11 12 B 14 15 
4 1 2 3 5 9 6 7 13 12 10 11 8 14 15 B 
4 1 2 3 9 13 6 7 B 5 10 11 8 12 14 15 
1 5 2 3 4 B 10 7 14 6 13 11 8 12 9 15 
4 1 2 3 8 5 6 B 12 10 14 7 13 9 15 11 
5 2 6 3 1 4 11 B 8 9 7 10 12 13 14 15 
4 1 2 3 5 6 10 7 8 9 14 11 12 B 13 15 
4 1 B 3 8 5 2 6 9 10 11 7 12 13 14 15 
1 5 2 3 6 B 10 7 4 13 9 11 8 12 14 15 
B 2 6 3 5 1 4 7 8 9 10 11 12 13 14 15 
4 1 2 3 8 5 6 7 12 9 10 11 13 B 14 15 
4 1 2 3 8 5 6 B 12 9 10 7 13 14 15 11 
1 5 2 3 4 9 6 7 13 12 10 11 8 B 14 15 
4 5 1 2 8 B 7 3 9 10 6 11 12 13 14 15 
4 1 2 3 8 B 11 6 9 5 10 7 12 13 14 15 
4 1 2 3 8 5 6 7 B 9 10 11 12 13 14 15 
4 1 3 7 5 B 6 2 8 9 10 11 12 13 14 15 
4 1 2 3 5 B 6 7 8 9 10 11 12 13 14 15 
1 2 B 3 4 8 6 7 9 5 10 11 12 13 14 15 
1 2 6 3 4 5 10 7 8 9 B 11 12 13 14 15 
1 2 6 3 4 5 10 B 8 9 11 7 12 13 14 15 