5 2 3 8 4 6 1 7 13 9 B 11 17 12 14 10 21 16 18 19 15 20 22 23 24 
1 2 7 4 9 5 6 8 3 14 10 11 12 13 19 15 16 17 B 18 20 21 22 23 24 
5 1 2 3 4 6 7 12 8 9 10 11 B 13 14 15 16 17 18 19 20 21 22 23 24 
5 1 2 3 4 10 6 7 8 9 11 12 B 17 14 15 16 22 13 19 20 21 23 18 24 
5 1 2 3 4 11 10 7 8 9 6 16 B 12 14 15 17 18 13 19 20 21 22 23 24 
1 2 7 3 4 5 B 6 8 9 10 11 12 13 14 15 16 17 18 19 20 21 22 23 24 
6 2 7 3 4 1 B 5 8 9 10 11 12 13 14 15 16 17 18 19 20 21 22 23 24 
5 7 1 3 4 10 2 12 8 9 11 6 B 13 14 15 16 17 18 19 20 21 22 23 24 
5 2 B 3 4 10 1 7 8 9 11 6 12 13 14 15 16 17 18 19 20 21 22 23 24 
5 1 B 2 4 6 11 8 3 9 10 12 7 13 14 15 16 17 18 19 20 21 22 23 24 
5 1 3 8 B 6 7 2 13 4 10 11 12 18 9 15 16 17 19 14 20 21 22 23 24 
5 1 2 3 4 10 6 7 8 9 15 11 12 13 14 21 20 17 18 19 16 22 B 23 24 
1 2 8 4 B 5 6 3 7 9 10 11 12 13 14 15 16 17 18 19 20 21 22 23 24 
5 1 2 3 4 10 6 7 8 9 11 12 B 17 14 15 16 18 13 24 20 21 22 19 23 
5 1 B 2 3 6 11 7 9 4 10 12 13 8 14 15 16 17 18 19 20 21 22 23 24 
5 2 3 8 4 6 1 7 13 9 10 11 12 14 19 15 B 16 18 24 20 21 17 22 23 
5 1 2 3 4 6 11 7 8 9 10 12 13 18 14 15 16 17 23 19 20 21 22 24 B 
5 1 2 3 4 10 6 7 8 9 B 11 12 13 14 15 16 17 18 19 20 21 22 23 24 
1 2 3 4 9 5 6 7 8 14 10 11 12 13 19 15 16 17 23 18 20 21 B 22 24 
1 6 2 3 4 5 11 7 8 9 10 12 17 13 14 20 15 18 B 19 21 22 16 23 24 
1 6 2 3 4 5 7 12 8 9 10 11 B 13 14 15 16 17 18 19 20 21 22 23 24 
5 1 2 3 4 6 11 7 8 9 10 16 12 13 14 20 15 17 18 19 B 21 22 23 24 
5 1 2 3 4 11 16 7 8 9 10 6 12 13 14 15 17 18 B 19 20 21 22 23 24 
1 6 2 3 4 5 B 12 8 9 10 7 17 13 14 15 11 18 23 19 20 16 21 22 24 
5 1 2 3 4 10 6 7 8 9 15 11 12 13 B 16 17 18 23 14 20 21 22 24 19 
6 5 2 3 4 1 B 7 8 9 10 11 12 13 14 15 16 17 18 19 20 21 22 23 24 
6 5 2 3 4 10 1 12 8 9 B 7 11 13 14 15 16 17 18 19 20 21 22 23 24 
5 1 2 3 4 10 6 7 B 14 11 12 13 9 19 15 16 17 8 18 20 21 22 23 24 
1 6 B 2 4 5 7 8 3 9 10 11 12 13 14 15 16 22 18 19 20 17 21 23 24 
B 2 7 3 4 6 1 5 8 9 10 11 12 13 14 15 16 17 18 19 20 21 22 23 24 
5 1 2 3 4 10 6 7 8 9 11 16 12 13 14 15 B 17 18 19 20 21 22 23 24 
5 1 2 3 4 10 6 7 8 9 15 11 B 12 14 20 16 17 13 19 21 22 23 18 24 
1 6 2 3 4 10 5 7 8 9 15 11 12 13 14 20 16 17 18 19 21 22 B 23 24 
5 6 1 2 4 10 B 7 3 9 11 12 13 8 14 15 16 17 18 19 20 21 22 23 24