0 4 3 2 1 8 7 6 5 9 10 11
3 2 1 0 7 6 5 4 11 10 9 8
11 10 2 3 4 1 5 6 7 9 8 0 
6 7 11 8 4 1 10 2 5 0 3 9 
4 11 0 1 3 7 6 10 9 8 5 2 
0 2 4 5 6 7 1 10 9 11 3 8 
11 0 1 5 6 8 4 10 9 7 2 3 
1 4 0 11 3 7 9 8 6 5 2 10 
9 2 1 0 5 4 3 8 11 10 6 7 
11 1 6 10 9 4 3 2 5 0 8 7 
8 9 5 10 2 0 1 4 7 6 3 11 
9 11 4 8 3 7 6 5 0 2 1 10 
0 11 5 2 8 3 7 6 10 4 1 9 
11 1 5 3 4 2 6 7 8 9 10 0 
0 6 7 3 4 5 1 10 9 8 2 11 
5 7 11 1 0 4 3 8 2 6 9 10 
10 11 5 2 1 0 4 3 8 7 6 9 
10 3 4 8 1 2 5 6 9 11 0 7 
10 11 1 3 4 9 5 2 8 0 7 6 
2 10 4 9 6 5 8 7 3 1 0 11 
2 9 4 5 6 10 0 7 3 11 8 1 
0 8 9 4 3 1 5 6 2 7 11 10 
6 4 3 2 9 0 5 1 7 8 11 10 
4 3 10 1 2 9 11 0 5 8 7 6 
2 6 7 9 5 4 0 8 10 11 3 1 
4 0 7 10 11 1 2 3 8 9 6 5 
2 6 5 11 10 4 3 7 8 9 1 0 
11 7 3 2 6 10 9 4 8 5 1 0 
11 10 1 7 2 8 0 6 5 9 4 3 
0 1 2 8 9 5 10 11 4 3 7 6 
8 1 3 2 10 7 6 5 4 11 0 9 
10 5 4 3 11 2 1 0 6 9 7 8 
2 1 0 4 3 5 6 9 8 7 11 10